平安证券
证券代码	证券简称	持有数量	购买均价 (含融资利息)	保本均价 (含融资利息)	收盘单价	初始总成本 (含股息)	收盘总市值	盈亏金额 (元)	盈亏比例
603392	万泰生物	81,500	75.47	425.65	39.30	6,150,670.99	3,202,950.00	-2,947,720.99	-47.93%
002647	ST 仁东	300	6.70	-1052.58	12.41	2,011.44	3,723.00	1,711.56	85.09%
001212	中旗新材	462,235	53.88	53.88	55.77	24,903,318.79	25,778,845.95	875,527.16	3.52%
002465	海格通信	100	12.71	-18450.08	16.10	1,271.34	1,610.00	338.66	26.64%
002819	东方中科	154,100	29.11	29.11	26.37	4,486,092.30	4,063,617.00	-422,475.30	-9.42%
002941	新疆交建	100	11.13	-7.41	13.83	1,112.67	1,383.00	270.33	24.30%
600416	湘电股份	100	13.04	-19.02	12.37	1,303.98	1,237.00	-66.98	-5.14%

兴证国际

证券代码	证券名称	结存股数	平均成本价	市价 (S)	总成本 (元)	市值 (元)	盈亏金额 (元)	盈亏比例
600326	西藏天路	77,200	11.561	9.370	892,509.20	723,364.00	-169,145.20	-18.95%
600897	厦门空港	200	18.010	16.120	3,602.00	3,224.00	-378.00	-10.49%
001212	中旗新材	1,612,700	52.180	55.770	84,150,686.00	89,940,279.00	+5,789,593.00	+6.88%
002174	游族网络	800	12.400	10.240	9,920.00	8,192.00	-1,728.00	-17.42%
002465	海格通信	200	15.153	16.100	3,030.60	3,220.00	+189.40	+6.25%
002819	东方中科	989,000	28.296	26.370	27,984,744.00	26,079,930.00	-1,904,814.00	-6.81%